1) 450760
2) 267628
3) 217479
4) 93444
5) 68090
6) 65045
7) 62790
8) 62362
9) 59295
10) 52295
11) 45533
12) 29287
13) 26114
14) 20537
15) 17182
16) 16260
17) 15320
18) 15278
19) 15092
20) 15075
21) 15058
22) 15040
23) 15025
24) 15009
25) 15003
26) 14993
27) 14976
28) 14958
29) 14937
30) 14921
31) 14905
32) 14888
33) 14873
34) 14857
35) 14841
36) 14838
37) 14825
38) 14808
39) 14788
40) 14769
41) 14746
42) 14744
43) 14728
44) 14726
45) 14712
46) 14709
47) 14696
48) 14689
49) 14681
50) 14673
51) 14662
52) 14657
53) 14644
54) 14641
55) 14626
56) 14626
57) 14610
58) 14610
59) 14595
60) 14594
61) 14578
62) 14575
63) 14562
64) 14555
65) 14546
66) 14530
67) 14518
68) 14515
69) 14503
70) 14499
71) 14486
72) 14483
73) 14469
74) 14452
75) 14451
76) 14434
77) 14418
78) 14401
79) 14385
80) 14371
81) 14369
82) 14352
83) 14336
84) 14330
85) 14321
86) 14305
87) 14290
88) 14281
89) 14274
90) 14259
91) 14244
92) 14228
93) 14210
94) 14194
95) 14178
96) 14161
97) 14145
98) 14129
99) 14113
100) 14097
101) 14081
102) 14065
103) 14044
104) 14013
105) 13980
106) 13962
107) 13945
108) 13943
109) 13924
110) 13907
111) 13889
112) 13871
113) 13861
114) 13854
115) 13841
116) 13837
117) 13822
118) 13819
119) 13804
120) 13801
121) 13786
122) 13784
123) 13766
124) 13760
125) 13749
126) 13737
127) 13729
128) 13718
129) 13710
130) 13693
131) 13693
132) 13676
133) 13675
134) 13659
135) 13657
136) 13653
137) 13640
138) 13636
139) 13623
140) 13620
141) 13605
142) 13605
143) 13589
144) 13588
145) 13573
146) 13572
147) 13557
148) 13551
149) 13541
150) 13525
151) 13522
152) 13509
153) 13497
154) 13493
155) 13477
156) 13472
157) 13457
158) 13454
159) 13444
160) 13439
161) 13436
162) 13421
163) 13419
164) 13403
165) 13403
166) 13386
167) 13383
168) 13367
169) 13362
170) 13350
171) 13340
172) 13334
173) 13321
174) 13316
175) 13302
176) 13299
177) 13290
178) 13283
179) 13282
180) 13264
181) 13264
182) 13247
183) 13242
184) 13238
185) 13231
186) 13213
187) 13210
188) 13196
189) 13179
190) 13162
191) 13162
192) 13159
193) 13144
194) 13142
195) 13138
196) 13128
197) 13119
198) 13112
199) 13111
200) 13100
201) 13096
202) 13093
203) 13084
204) 13080
205) 13075
206) 13066
207) 13064
208) 13058
209) 13051
210) 13051
211) 13046
212) 13045
213) 13035
214) 13030
215) 13024
216) 13015
217) 13014
218) 12999
219) 12998
220) 12996
221) 12983
222) 12982
223) 12972
224) 12966
225) 12962
226) 12955
227) 12951
228) 12950
229) 12947
230) 12934
231) 12932
232) 12927
233) 12918
234) 12915
235) 12908
236) 12902
237) 12900
238) 12890
239) 12886
240) 12884
241) 12876
242) 12872
243) 12870
244) 12869
245) 12857
246) 12857
247) 12855
248) 12854
249) 12853
250) 12841
251) 12839
252) 12838
253) 12838
254) 12837
255) 12826
256) 12823
257) 12822
258) 12819
259) 12819
260) 12811
261) 12807
262) 12807
263) 12802
264) 12801
265) 12795
266) 12791
267) 12791
268) 12784
269) 12779
270) 12779
271) 12775
272) 12774
273) 12767
274) 12764
275) 12764
276) 12759
277) 12758
278) 12751
279) 12748
280) 12743
281) 12742
282) 12740
283) 12734
284) 12733
285) 12727
286) 12726
287) 12717
288) 12716
289) 12716
290) 12710
291) 12710
292) 12702
293) 12700
294) 12700
295) 12694
296) 12694
297) 12688
298) 12687
299) 12680
300) 12679
301) 12678
302) 12676
303) 12671
304) 12664
305) 12662
306) 12660
307) 12658
308) 12656
309) 12649
310) 12647
311) 12646
312) 12642
313) 12640
314) 12637
315) 12630
316) 12630
317) 12626
318) 12625
319) 12621
320) 12614
321) 12614
322) 12611
323) 12610
324) 12609
325) 12603
326) 12598
327) 12598
328) 12594
329) 12593
330) 12584
331) 12582
332) 12581
333) 12581
334) 12578
335) 12578
336) 12566
337) 12566
338) 12563
339) 12563
340) 12562
341) 12560
342) 12550
343) 12549
344) 12548
345) 12546
346) 12546
347) 12536
348) 12534
349) 12533
350) 12531
351) 12530
352) 12529
353) 12522
354) 12518
355) 12517
356) 12514
357) 12511
358) 12511
359) 12509
360) 12507
361) 12502
362) 12502
363) 12499
364) 12494
365) 12492
366) 12491
367) 12487
368) 12487
369) 12486
370) 12483
371) 12477
372) 12476
373) 12474
374) 12472
375) 12470
376) 12466
377) 12462
378) 12459
379) 12458
380) 12457
381) 12457
382) 12453
383) 12450
384) 12442
385) 12442
386) 12441
387) 12441
388) 12440
389) 12437
390) 12434
391) 12425
392) 12424
393) 12424
394) 12424
395) 12421
396) 12421
397) 12418
398) 12409
399) 12408
400) 12407
401) 12405
402) 12403
403) 12402
404) 12398
405) 12394
406) 12391
407) 12389
408) 12387
409) 12387
410) 12386
411) 12379
412) 12377
413) 12373
414) 12371
415) 12371
416) 12370
417) 12370
418) 12364
419) 12356
420) 12355
421) 12354
422) 12354
423) 12352
424) 12351
425) 12348
426) 12337
427) 12337
428) 12335
429) 12335
430) 12335
431) 12333
432) 12330
433) 12321
434) 12320
435) 12319
436) 12319
437) 12317
438) 12316
439) 12305
440) 12304
441) 12303
442) 12302
443) 12301
444) 12289
445) 12287
446) 12286
447) 12286
448) 12284
449) 12279
450) 12271
451) 12270
452) 12270
453) 12266
454) 12263
455) 12262
456) 12258
457) 12257
458) 12255
459) 12255
460) 12254
461) 12250
462) 12239
463) 12239
464) 12238
465) 12234
466) 12232
467) 12227
468) 12225
469) 12224
470) 12223
471) 12220
472) 12216
473) 12213
474) 12209
475) 12207
476) 12202
477) 12200
478) 12194
479) 12193
480) 12191
481) 12186
482) 12184
483) 12178
484) 12176
485) 12175
486) 12172
487) 12166
488) 12163
489) 12161
490) 12159
491) 12152
492) 12148
493) 12147
494) 12145
495) 12143
496) 12142
497) 12132
498) 12130
499) 12130
500) 12127
501) 12126
502) 12123
503) 12117
504) 12113
505) 12111
506) 12102
507) 12096
508) 12088
509) 12087
510) 12086
511) 12083
512) 12079
513) 12070
514) 12063
515) 12059
516) 12055
517) 12053
518) 12048
519) 12047
520) 12045
521) 12040
522) 12032
523) 12031
524) 12024
525) 12014
526) 12011
527) 12008
528) 11999
529) 11993
530) 11992
531) 11986
532) 11983
533) 11977
534) 11967
535) 11961
536) 11951
537) 11945
538) 11936
539) 11930
540) 11917
541) 11902
542) 11900
543) 11884
544) 11868
545) 11852
546) 11836
547) 11821
548) 11760
549) 11602
550) 11541
551) 11396
552) 11279
553) 11230
554) 11060
555) 10983
556) 8820
557) 5710
558) 3768
559) 3100
560) 2400
561) 2256
562) -2044
563) -2232
564) -7862
